$ANSIBLE_VAULT;1.1;AES256
61386534636338363433633535653635653238316266363764393639666233636331383334313635
3463613433383033376533323034626431306663633831310a653938396231363234383865306263
62323335383131643337383631386265356666616665613630333237393839313765643733303431
3361333134363735630a646463373437373966643265633564313464623733343131376134643439
61353865316466363362643738313439666235313461613532646636383136363862633331663736
30323063663135343563613564306232333565663034666432366534623633643537383938373662
66306435396164663931373861396537323361326164626130316130336639626231383861326162
36663032613134633232383965646431346131616466353733656438656235653765393637653466
37336232396239303537373630313437303631323433343730623538636262383364393034636437
31333939333730303933643061323064336531636530386634386265643730666236316130333363
30623633303836663566396362343532346137636333643966636265623033383734613363613264
31326136323338306336646238623336653832346232643065653964363964656464336461626636
63306433353666633064303638663265623737653832346436653339656138313464666435666638
64373061653031646536323764316534363332393935333535643931653834346333303966346633
363262383837303535363563306231363834
